%%tableau donnant les altitudes en metres aux points d'un maillage régulier
%%dont la taille de la maille est de 100m
%%x  va donc de 0 à (13-1)*100 mètres
%%y  va donc de 0 à (10-1)*100 mètres
%%pour se faire une idee de ce terrain il suffit de faire : 
%%surf(0:100:(13-1)*100,0:100:(10-1)*100,Terr);

Terr=[720   690   670   690   710   710   690   675   665   670   690   690   685;
      690   665   640   640   650   665   670   668   648   650   680   690   688;
      630   615   585   580   588   608   620   620   603   603   630   660   675;
      595   568   555   560   585   580   588   583   595   620   625   643   665;
      550   540   538   550   595   620   600   580   585   660   663   660   670;
      545   538   538   550   603   650   615   580   580   620   625   625   633;
      545   540   538   543   575   605   593   578   573   585   608   615   625;
      595   560   543   539   549   560   563   570   580   585   608   638   665;
      625   598   560   559   556   558   578   585   600   615   625   660   693;
      675   653   620   618   615   608   625   638   648   665   680   700   720];

  





